1048709688 -495274345 -200059312 -472223136 -791324645 187988368 1093259863 -1036951449 -1597975945 -1077071989 
1619811014 -1068018600 -477860959 -432360838 1721100559 -67643883 -673598247 -508535021 466960448 1354657214 
-1013779039 -1443605126 1501579012 -820468197 -1314577148 1233275378 -518741489 -223537692 513964078 498334911 
-658238451 1304500824 -795555530 258111895 -1706340557 885459019 1409488869 997374769 382102042 -979589111 
-1167028295 1092233813 301689364 -533382401 -12694536 1987081710 1216391659 1377234780 379702113 -1859650527 
-783599964 -1412211818 -780611108 -776409700 1957177505 -1963093813 4129820 -625166300 -787811358 -432117608 
911591969 564719265 1590853585 1076173324 272169153 -819937001 -1032009252 -29508882 837299269 -1403159483 
-301800485 1414922 838867723 -471363218 -1607799069 207869916 -981077827 -882261313 1956506412 1793503770 
1912797198 -781398157 -1073836295 303851774 -1723375212 272884067 363354984 -788722370 632873669 1834123378 
-205865899 1000624861 839039824 507006850 -1217468973 422498884 -109534056 -243432344 1776740255 1631051208 
------------------





