10
[0.0011350000, 0.0009160000, 0.0009230000, 0.0009130000, 0.0009430000, 0.0010300000, 0.0009640000, 0.0010300000, 0.0011230000, 0.0011580000, 0.0011190000, 0.0013910000, 0.0011130000, 0.0014810000, 0.0012310000, 0.0009800000, 0.0009440000, 0.0011910000, 0.0009890000, 0.0011860000, 0.0011370000, 0.0012270000, 0.0012760000, 0.0011920000, 0.0017540000, 0.0031480000, 0.0014710000, 0.0010410000, 0.0009940000, 0.0011800000]


100
[0.1553610000, 0.1139520000, 0.1115840000, 0.1117040000, 0.1195700000, 0.1103250000, 0.1113600000, 0.1444140000, 0.1103020000, 0.1109320000, 0.1130770000, 0.1244160000, 0.1174550000, 0.1174590000, 0.1210280000, 0.1091230000, 0.1097240000, 0.1158420000, 0.1185020000, 0.1280060000, 0.1162230000, 0.1269750000, 0.1114240000, 0.1122900000, 0.1141730000, 0.1106940000, 0.1104950000, 0.1088220000, 0.1106550000, 0.1116520000]


200
[0.8666580000, 0.8815150000, 0.8857340000, 0.8891610000, 0.8865170000, 0.9798120000, 0.8225070000, 0.8080770000, 0.8785810000, 0.9468570000, 0.8354520000, 0.8108030000, 0.9013700000, 0.8819380000, 0.9258170000, 1.0247200000, 0.8801050000, 0.9949720000, 0.9341340000, 0.8590620000, 0.8137300000, 0.8707510000, 0.8264920000, 0.8130960000, 0.8284210000, 0.8206350000, 0.8854200000, 0.8616050000, 0.8123110000, 0.8386630000]


500
[15.6793100000, 16.9198470000, 18.3517190000, 10.8135060000, 11.0608890000, 11.4004430000, 12.4876580000, 12.8488110000, 11.9622130000, 12.1027630000, 12.1899550000, 12.2213560000, 12.7538340000, 13.5877500000, 11.7975660000, 12.5308460000, 12.0627630000, 13.5826570000, 12.8774320000, 12.0158750000, 12.7610150000, 12.9492960000, 13.2351390000, 12.4495090000, 12.4622830000, 12.7973280000, 13.0648290000, 13.7411880000, 13.7761710000, 13.5341280000]


700
[38.4181200000, 35.2407770000, 36.4301440000, 37.3845430000, 38.6147110000, 40.5755280000, 41.6494020000, 41.6838930000, 39.5286600000, 46.9537570000, 48.1792700000, 47.4540070000, 40.4616350000, 37.2715210000, 35.1319060000, 37.4168090000, 37.6322980000, 34.5028710000, 36.1389500000, 35.2006720000, 35.6101290000, 34.5733220000, 35.8698050000, 35.3358190000, 35.7423080000, 37.6114570000, 35.9231750000, 37.0793320000, 34.0491270000, 36.3964100000]


10
[0.0004280000, 0.0003800000, 0.0004360000, 0.0003780000, 0.0003530000, 0.0003820000, 0.0004010000, 0.0003590000, 0.0003950000, 0.0003550000, 0.0004150000, 0.0003670000, 0.0003750000, 0.0003680000, 0.0003400000, 0.0003460000, 0.0004260000, 0.0003670000, 0.0004150000, 0.0003550000, 0.0004060000, 0.0003950000, 0.0003640000, 0.0005520000, 0.0004270000, 0.0004650000, 0.0003820000, 0.0003490000, 0.0004340000, 0.0004280000]


100
[0.0365950000, 0.0218040000, 0.0225040000, 0.0221990000, 0.0242660000, 0.0222570000, 0.0219640000, 0.0383480000, 0.0220470000, 0.0223650000, 0.0216270000, 0.0226630000, 0.0404990000, 0.0231360000, 0.0237490000, 0.0243630000, 0.0229600000, 0.0232060000, 0.0322560000, 0.0466930000, 0.0462020000, 0.0454630000, 0.0457410000, 0.0453910000, 0.0485590000, 0.0455030000, 0.0470960000, 0.0453060000, 0.0460440000, 0.0462950000]


200
[0.3464740000, 0.3426270000, 0.3584120000, 0.3385730000, 0.3451550000, 0.3390270000, 0.3354150000, 0.3236620000, 0.1665350000, 0.1639010000, 0.1637170000, 0.1675560000, 0.2054510000, 0.1887330000, 0.4137890000, 0.3329700000, 0.3494510000, 0.3456200000, 0.3426090000, 0.3455240000, 0.4236540000, 0.3375590000, 0.3397460000, 0.1715200000, 0.1709340000, 0.1682100000, 0.1673830000, 0.1702380000, 0.2541680000, 0.3398990000]


500
[5.3116780000, 5.3936210000, 5.1727640000, 5.2379230000, 5.1570630000, 5.3478400000, 5.4010300000, 5.2917410000, 5.0949870000, 5.3582390000, 5.1297100000, 5.0936380000, 5.2936910000, 5.3995740000, 4.8390550000, 5.4217550000, 5.4301310000, 5.4474640000, 4.8970580000, 5.4932500000, 4.9028890000, 5.4497420000, 5.2514850000, 5.0428320000, 5.0613420000, 5.1651870000, 5.9901510000, 5.3897510000, 4.9525570000, 5.6080880000]


700
[16.1533470000, 16.2160070000, 15.1761210000, 15.2858510000, 14.6694240000, 15.8620320000, 15.0512080000, 14.8959270000, 14.6702850000, 14.5539180000, 15.3742020000, 15.5298340000, 14.8997150000, 15.3423140000, 13.8235870000, 15.6596880000, 16.9994880000, 17.2479320000, 17.3327800000, 15.6759540000, 17.1617610000, 16.7053610000, 15.8072020000, 15.8063740000, 17.2084860000, 16.4550060000, 16.0168210000, 16.0871910000, 16.8312620000, 15.9086610000]


