1000000
[1326.6829833984, 1299.9499511719, 1287.3000488281, 1285.8079833984, 1264.5439453125, 1261.5069580078, 1258.4210205078, 1293.8919677734, 1272.0000000000, 1424.0260009766, 1233.5920410156, 1269.5729980469, 1592.9489746094, 1274.3100585938, 1837.4370117188, 1256.0880126953, 2384.8769531250, 1243.4759521484, 1410.3020019531, 1789.1910400391, 1245.9880371094, 2322.7219238281, 1257.1650390625, 1263.3129882812, 2044.0760498047, 1250.4169921875, 1989.3029785156, 1308.2580566406, 1252.4689941406, 2473.2639160156]


3000000
[1289.5240478516, 1469.3439941406, 1874.3780517578, 1268.5200195312, 2091.3120117188, 1248.8199462891, 1233.1889648438, 2482.3210449219, 1231.8000488281, 1291.3439941406, 1998.7819824219, 1233.5799560547, 1921.1899414062, 1413.3759765625, 1248.3919677734, 2483.8420410156, 1231.3149414062, 1267.0849609375, 2030.1660156250, 1246.4820556641, 2062.6779785156, 1317.0999755859, 1232.4090576172, 2464.8000488281, 1246.9720458984, 1256.0600585938, 2012.3229980469, 1397.2509765625, 1945.3420410156, 1233.3480224609]


5000000
[1969.5799560547, 1338.1159667969, 1262.7130126953, 2478.2590332031, 1280.7480468750, 1417.8289794922, 1829.8320312500, 1259.0140380859, 2029.6579589844, 1236.9360351562, 1996.0699462891, 1284.4079589844, 1229.6330566406, 2479.2539062500, 1271.7149658203, 1347.5069580078, 1918.1760253906, 1245.3010253906, 2207.0959472656, 1249.2769775391, 1348.2550048828, 2341.5070800781, 1240.8699951172, 2360.5471191406, 1236.6679687500, 1467.9029541016, 1821.3029785156, 1231.1540527344, 2124.5209960938, 1234.0639648438]


7000000
[2072.9309082031, 1291.3959960938, 1305.5200195312, 2487.8601074219, 1289.2629394531, 1533.2819824219, 1829.2969970703, 1239.6219482422, 2072.3349609375, 1236.8100585938, 1284.4730224609, 2488.8200683594, 1232.3389892578, 2492.9399414062, 1232.7929687500, 2489.3000488281, 1243.8310546875, 2492.0119628906, 1235.4050292969, 2498.1940917969, 1228.4909667969, 2480.7570800781, 1226.7309570312, 1257.7449951172, 2086.5959472656, 1253.6450195312, 2023.0739746094, 1228.9849853516, 2121.1159667969, 1286.3669433594]


10000000
[2027.4300537109, 1239.9949951172, 2080.6020507812, 1267.0860595703, 1863.5279541016, 1412.6429443359, 1451.6190185547, 2437.6799316406, 1298.0379638672, 2274.0219726562, 1362.5000000000, 2077.9279785156, 1236.5550537109, 2118.1120605469, 1234.2249755859, 2231.0959472656, 1362.7679443359, 2029.2060546875, 1269.0799560547, 2032.7370605469, 1246.2010498047, 2103.2109375000, 1268.1540527344, 1799.2900390625, 1495.3620605469, 1667.2790527344, 1626.1059570312, 1569.4129638672, 1737.7089843750, 1233.1729736328]


1000000
[61.5159988403, 57.3759994507, 92.6719970703, 113.7979965210, 113.3949966431, 114.0210037231, 113.3619995117, 112.9970016479, 112.9739990234, 112.7760009766, 112.9039993286, 113.8889999390, 112.8140029907, 112.9690017700, 113.2939987183, 113.4889984131, 113.0699996948, 113.0220031738, 114.2389984131, 60.6800003052, 56.9580001831, 56.9659996033, 56.8050003052, 58.3269996643, 56.1100006104, 57.4239997864, 60.2249984741, 56.4329986572, 56.4360008240, 57.3330001831]


3000000
[163.6629943848, 163.5299987793, 164.8090057373, 163.6920013428, 163.7129974365, 165.8370056152, 164.9329986572, 165.7059936523, 163.3260040283, 163.3130035400, 164.0290069580, 163.4179992676, 163.3280029297, 164.5169982910, 163.5690002441, 164.1540069580, 164.1600036621, 168.7180023193, 163.7779998779, 163.7619934082, 169.3480072021, 165.3650054932, 164.6909942627, 166.9479980469, 165.6869964600, 165.6589965820, 168.0370025635, 163.6309967041, 167.4320068359, 165.8419952393]


5000000
[275.1149902344, 275.8150024414, 268.0329895020, 275.4869995117, 274.2260131836, 269.7789916992, 270.5729980469, 269.8580017090, 269.0539855957, 269.3200073242, 274.0320129395, 561.6329956055, 560.8300170898, 562.0670166016, 365.9089965820, 266.1659851074, 261.0109863281, 267.5490112305, 267.6480102539, 267.5029907227, 267.8739929199, 267.7770080566, 266.6799926758, 267.8569946289, 268.2770080566, 525.0180053711, 560.6099853516, 267.7529907227, 269.0979919434, 268.1820068359]


7000000
[375.2659912109, 377.3309936523, 377.3689880371, 359.8619995117, 377.6570129395, 376.0499877930, 375.1210021973, 374.3940124512, 785.6119995117, 472.1579895020, 375.7489929199, 374.3450012207, 374.6669921875, 375.8630065918, 375.3900146484, 373.9920043945, 376.1749877930, 790.7709960938, 439.4020080566, 374.2269897461, 375.6629943848, 370.8450012207, 366.1820068359, 363.9330139160, 359.9809875488, 374.4670104980, 786.9229736328, 445.9450073242, 358.7650146484, 359.0339965820]


10000000
[511.8169860840, 539.6749877930, 536.2290039062, 765.7689819336, 774.8870239258, 513.7100219727, 513.3090209961, 515.8510131836, 517.2399902344, 515.4530029297, 1120.2779541016, 980.4689941406, 603.6300048828, 531.6820068359, 524.0670166016, 518.6329956055, 744.7509765625, 936.3489990234, 514.9320068359, 562.4219970703, 510.4779968262, 510.4060058594, 523.0549926758, 1179.0920410156, 986.8239746094, 531.7329711914, 572.3189697266, 545.7280273438, 510.6459960938, 595.1660156250]


1000000
[130.8079986572, 128.7169952393, 134.4179992676, 157.0740051270, 148.1470031738, 124.1910018921, 147.6609954834, 109.3539962769, 73.3450012207, 66.0660018921, 62.5449981689, 63.0260009766, 63.2459983826, 76.0719985962, 68.2760009766, 63.6269989014, 62.7939987183, 60.9850006104, 67.7200012207, 62.6510009766, 62.5340003967, 64.7460021973, 67.2740020752, 64.1129989624, 62.4510002136, 61.6599998474, 69.4469985962, 63.5839996338, 76.3759994507, 61.4939994812]


3000000
[192.2290039062, 205.9960021973, 180.5200042725, 182.9080047607, 177.4019927979, 215.9869995117, 178.8829956055, 370.2560119629, 370.1809997559, 373.7780151367, 460.2919921875, 369.1239929199, 176.1239929199, 219.9239959717, 179.7700042725, 181.3890075684, 211.9989929199, 181.3370056152, 173.6060028076, 196.2039947510, 181.8509979248, 183.4629974365, 219.8829956055, 179.3639984131, 186.9900054932, 191.8260040283, 222.8820037842, 359.6130065918, 466.7470092773, 377.6380004883]


5000000
[602.0900268555, 309.7520141602, 372.9169921875, 301.0700073242, 295.1119995117, 314.6650085449, 335.9859924316, 373.4909973145, 297.2760009766, 294.6210021973, 670.8839721680, 600.6989746094, 618.0079956055, 361.7109985352, 296.7640075684, 315.1220092773, 300.0629882812, 304.3919982910, 301.3349914551, 315.6789855957, 295.0190124512, 377.6140136719, 540.8250122070, 625.5859985352, 625.2349853516, 460.0799865723, 297.7460021973, 299.8540039062, 301.1279907227, 303.7929992676]


7000000
[404.7720031738, 414.0859985352, 410.0400085449, 603.9400024414, 891.9050292969, 843.0889892578, 420.6889953613, 410.3359985352, 421.9599914551, 422.6260070801, 424.1990051270, 500.1319885254, 732.4229736328, 870.5059814453, 750.7589721680, 461.1040039062, 458.4490051270, 447.4540100098, 414.9070129395, 860.7579956055, 863.9190063477, 554.2780151367, 455.6310119629, 421.4349975586, 419.3290100098, 443.2470092773, 858.4520263672, 889.3020019531, 540.9869995117, 457.4920043945]


10000000
[620.0949707031, 667.7139892578, 632.2999877930, 1107.9439697266, 1175.4360351562, 573.2670288086, 611.3319702148, 580.7490234375, 581.6820068359, 621.8020019531, 1208.7010498047, 941.7670288086, 584.7039794922, 576.7709960938, 599.5339965820, 1214.5749511719, 917.4660034180, 593.1849975586, 585.6350097656, 601.9379882812, 591.1259765625, 923.0360107422, 1322.3399658203, 602.8170166016, 597.3590087891, 576.7789916992, 582.5999755859, 595.5910034180, 1238.2860107422, 997.9710083008]


