100
[0.0030260000,, 0.0029100000,, 0.0027150000,, 0.0026240000,, 0.0020090000,]


200
[0.0157120000,, 0.0139560000,, 0.0076220000,, 0.0073800000,, 0.0072330000,]


300
[0.0292770000,, 0.0282880000,, 0.0285090000,, 0.0284790000,, 0.0285730000,]


500
[0.1284170000,, 0.1274320000,, 0.1278190000,, 0.1273640000,, 0.1273980000,]


700
[0.5137160000,, 0.5172740000,, 0.5138820000,, 0.5260730000,, 0.5049560000,]


100
[0.0031540000,, 0.0023980000,, 0.0022480000,, 0.0022150000,, 0.0020090000,, 0.0014850000,, 0.0013800000,, 0.0013790000,, 0.0013850000,, 0.0010890000,, 0.0011150000,, 0.0010060000,, 0.0010050000,, 0.0010130000,, 0.0010040000,, 0.0010050000,, 0.0010100000,, 0.0010050000,, 0.0010050000,, 0.0009680000,, 0.0009670000,, 0.0009670000,, 0.0009670000,, 0.0009740000,, 0.0009680000,, 0.0009680000,, 0.0009330000,, 0.0009360000,, 0.0009410000,, 0.0009350000,]


200
[0.0083460000,, 0.0081620000,, 0.0081190000,, 0.0069170000,, 0.0067960000,, 0.0068040000,, 0.0067540000,, 0.0066580000,, 0.0066060000,, 0.0066350000,, 0.0066330000,, 0.0066050000,, 0.0066560000,, 0.0066080000,, 0.0065980000,, 0.0065700000,, 0.0065980000,, 0.0065980000,, 0.0067490000,, 0.0067680000,, 0.0067600000,, 0.0067050000,, 0.0066250000,, 0.0066030000,, 0.0065650000,, 0.0066120000,, 0.0066070000,, 0.0066260000,, 0.0066810000,, 0.0066640000,]


300
[0.0285080000,, 0.0280860000,, 0.0278800000,, 0.0282550000,, 0.0282600000,, 0.0279720000,, 0.0279020000,, 0.0279140000,, 0.0282500000,, 0.0279150000,, 0.0282070000,, 0.0279790000,, 0.0281310000,, 0.0279800000,, 0.0279630000,, 0.0278740000,, 0.0283590000,, 0.0278680000,, 0.0280040000,, 0.0279440000,, 0.0282980000,, 0.0279060000,, 0.0280700000,, 0.0277180000,, 0.0285360000,, 0.0283320000,, 0.0281510000,, 0.0278710000,, 0.0283720000,, 0.0287600000,]


500
[0.1288040000,, 0.1272330000,, 0.1273550000,, 0.1272170000,, 0.1274860000,, 0.1275710000,, 0.1277000000,, 0.1280320000,, 0.1272400000,, 0.1274500000,, 0.1273120000,, 0.1272860000,, 0.1277210000,, 0.1275120000,, 0.1279000000,, 0.1283840000,, 0.1278160000,, 0.1273030000,, 0.1273120000,, 0.1282410000,, 0.1273960000,, 0.1274320000,, 0.1275570000,, 0.1279900000,, 0.1273010000,, 0.1281380000,, 0.1271490000,, 0.1272790000,, 0.1276180000,, 0.1274300000,]


700
[0.5206800000,, 0.5151290000,, 0.5112250000,, 0.5181970000,, 0.5151810000,, 0.5064700000,, 0.5184190000,, 0.5078580000,, 0.5142710000,, 0.5126240000,, 0.5048570000,, 0.5039670000,, 0.5020100000,, 0.5188550000,, 0.5166040000,, 0.5131970000,, 0.5150660000,, 0.5185820000,, 0.5126940000,, 0.5126680000,, 0.5140230000,, 0.5167780000,, 0.5104970000,, 0.5137550000,, 0.5231720000,, 0.5165600000,, 0.5111910000,, 0.5068040000,, 0.5171110000,, 0.5133030000,]


100
[0.0015910000, 0.0015920000, 0.0015400000, 0.0015370000, 0.0015230000, 0.0014530000, 0.0009320000, 0.0008350000, 0.0008180000, 0.0008170000, 0.0008160000, 0.0008170000, 0.0008160000, 0.0008200000, 0.0008170000, 0.0009190000, 0.0007940000, 0.0007930000, 0.0008010000, 0.0008040000, 0.0008260000, 0.0008000000, 0.0008090000, 0.0008170000, 0.0008010000, 0.0007920000, 0.0008120000, 0.0008260000, 0.0008170000, 0.0008070000]


200
[0.0072860000, 0.0072600000, 0.0070070000, 0.0070360000, 0.0070280000, 0.0068100000, 0.0067630000, 0.0072260000, 0.0067810000, 0.0066560000, 0.0066160000, 0.0066500000, 0.0066280000, 0.0065580000, 0.0066920000, 0.0069010000, 0.0067500000, 0.0066600000, 0.0066550000, 0.0066590000, 0.0066960000, 0.0068400000, 0.0067780000, 0.0066790000, 0.0065940000, 0.0067070000, 0.0067330000, 0.0065820000, 0.0066050000, 0.0067060000]


300
[0.0284830000, 0.0282820000, 0.0278880000, 0.0278600000, 0.0278790000, 0.0281530000, 0.0279210000, 0.0278910000, 0.0278600000, 0.0282010000, 0.0279980000, 0.0282860000, 0.0278720000, 0.0281370000, 0.0280060000, 0.0278040000, 0.0278270000, 0.0281500000, 0.0279150000, 0.0278360000, 0.0279290000, 0.0280560000, 0.0280170000, 0.0282240000, 0.0284410000, 0.0282660000, 0.0282600000, 0.0283520000, 0.0280320000, 0.0283410000]


500
[0.1293410000, 0.1275660000, 0.1285690000, 0.1287950000, 0.1281810000, 0.1287020000, 0.1280360000, 0.1288920000, 0.1276920000, 0.1277130000, 0.1271880000, 0.1277890000, 0.1272680000, 0.1273020000, 0.1278250000, 0.1280550000, 0.1275820000, 0.1275970000, 0.1274900000, 0.1281180000, 0.1271600000, 0.1273370000, 0.1276190000, 0.1283650000, 0.1271730000, 0.1275640000, 0.1272510000, 0.1273420000, 0.1276030000, 0.1277070000]


700
[0.5103760000, 0.5081030000, 0.5162660000, 0.5116920000, 0.5261220000, 0.5212490000, 0.5207940000, 0.5262500000, 0.5231600000, 0.5319740000, 0.5430380000, 0.5297410000, 0.5257610000, 0.5021530000, 0.5155540000, 0.5321110000, 0.5080470000, 0.5122020000, 0.5253730000, 0.5212310000, 0.5364090000, 0.5296120000, 0.5299940000, 0.5323940000, 0.5388260000, 0.5543740000, 0.5293860000, 0.5114500000, 0.5435010000, 0.5635650000]


100
[0.0008170000, 0.0008250000, 0.0007930000, 0.0008130000, 0.0008210000, 0.0008160000, 0.0008120000, 0.0008310000, 0.0008280000, 0.0007490000, 0.0007850000, 0.0007980000, 0.0008250000, 0.0007660000, 0.0007680000, 0.0007590000, 0.0007910000, 0.0007370000, 0.0007640000, 0.0008370000, 0.0008170000, 0.0007980000, 0.0008430000, 0.0007500000, 0.0007260000, 0.0007260000, 0.0007520000, 0.0007470000, 0.0007270000, 0.0007890000]


200
[0.0066680000, 0.0067160000, 0.0072300000, 0.0066800000, 0.0067600000, 0.0066570000, 0.0066390000, 0.0066000000, 0.0068650000, 0.0067290000, 0.0069990000, 0.0065980000, 0.0065480000, 0.0065590000, 0.0066130000, 0.0066230000, 0.0066650000, 0.0066130000, 0.0065900000, 0.0067070000, 0.0067930000, 0.0067220000, 0.0068490000, 0.0068400000, 0.0067720000, 0.0066510000, 0.0066680000, 0.0066310000, 0.0066230000, 0.0066960000]


300
[0.0284520000, 0.0283430000, 0.0279380000, 0.0277720000, 0.0277990000, 0.0282940000, 0.0279450000, 0.0278050000, 0.0278550000, 0.0281770000, 0.0279190000, 0.0282600000, 0.0277700000, 0.0282170000, 0.0279200000, 0.0280340000, 0.0278790000, 0.0283320000, 0.0278260000, 0.0278530000, 0.0277910000, 0.0282940000, 0.0279400000, 0.0279460000, 0.0281240000, 0.0283350000, 0.0282990000, 0.0279100000, 0.0278090000, 0.0282640000]


500
[0.1290260000, 0.1280790000, 0.1277360000, 0.1275200000, 0.1275780000, 0.1277410000, 0.1276490000, 0.1284460000, 0.1275180000, 0.1279560000, 0.1276280000, 0.1278250000, 0.1274410000, 0.1272720000, 0.1279050000, 0.1279760000, 0.1273860000, 0.1276350000, 0.1288830000, 0.1285120000, 0.1283290000, 0.1279670000, 0.1284640000, 0.1287190000, 0.1284950000, 0.1273710000, 0.1271130000, 0.1279040000, 0.1282990000, 0.1274500000]


700
[0.5087510000, 0.5016230000, 0.5055590000, 0.4957650000, 0.5090200000, 0.4982820000, 0.5021740000, 0.5120190000, 0.5079610000, 0.5038180000, 0.5242880000, 0.5380800000, 0.5228260000, 0.5227390000, 0.5161800000, 0.5237680000, 0.5155410000, 0.5388690000, 0.5369690000, 0.5373310000, 0.5383230000, 0.5148360000, 0.5235730000, 0.5302940000, 0.5177440000, 0.5118390000, 0.5075750000, 0.5001400000, 0.5048680000, 0.5039440000]


100
[0.0026240000, 0.0026110000, 0.0020330000, 0.0017390000, 0.0016320000, 0.0016340000, 0.0014990000, 0.0014080000, 0.0013790000, 0.0013780000, 0.0013740000, 0.0013940000, 0.0013070000, 0.0013150000, 0.0013060000, 0.0013180000, 0.0013050000, 0.0013020000, 0.0012440000, 0.0012550000, 0.0012430000, 0.0012530000, 0.0012430000, 0.0012430000, 0.0011890000, 0.0011960000, 0.0011880000, 0.0011980000, 0.0011880000, 0.0012090000]


200
[0.0102940000, 0.0098910000, 0.0095920000, 0.0092550000, 0.0090040000, 0.0087340000, 0.0070100000, 0.0066540000, 0.0065980000, 0.0066040000, 0.0066290000, 0.0065960000, 0.0066080000, 0.0066470000, 0.0066970000, 0.0068480000, 0.0069250000, 0.0068000000, 0.0065730000, 0.0066420000, 0.0067260000, 0.0065900000, 0.0066580000, 0.0066580000, 0.0065720000, 0.0065720000, 0.0067260000, 0.0066370000, 0.0065950000, 0.0068120000]


300
[0.0284450000, 0.0282330000, 0.0279220000, 0.0282100000, 0.0280270000, 0.0279680000, 0.0278130000, 0.0282340000, 0.0279060000, 0.0278740000, 0.0282380000, 0.0283100000, 0.0279160000, 0.0278520000, 0.0277950000, 0.0281770000, 0.0279150000, 0.0278540000, 0.0278700000, 0.0281720000, 0.0279040000, 0.0279530000, 0.0279120000, 0.0282550000, 0.0282070000, 0.0279260000, 0.0278910000, 0.0282180000, 0.0287720000, 0.0279380000]


500
[0.1287500000, 0.1274420000, 0.1276500000, 0.1275920000, 0.1277780000, 0.1275700000, 0.1279150000, 0.1283130000, 0.1274230000, 0.1275010000, 0.1273110000, 0.1271650000, 0.1271210000, 0.1273740000, 0.1281120000, 0.1279060000, 0.1271740000, 0.1273930000, 0.1275580000, 0.1273460000, 0.1271310000, 0.1273020000, 0.1275310000, 0.1283460000, 0.1271060000, 0.1273860000, 0.1272180000, 0.1273240000, 0.1277020000, 0.1275410000]


700
[0.5207960000, 0.5108730000, 0.5195920000, 0.5184940000, 0.5049720000, 0.5090400000, 0.5014660000, 0.5045460000, 0.5131420000, 0.5106380000, 0.5002740000, 0.5056500000, 0.5034430000, 0.5016850000, 0.5063730000, 0.5078560000, 0.5119340000, 0.5071430000, 0.5060020000, 0.5022300000, 0.5056650000, 0.5120530000, 0.5098540000, 0.5115970000, 0.4950060000, 0.4952080000, 0.5194090000, 0.5159780000, 0.5592810000, 0.5248380000]


100
[0.0104260000, 0.0077310000, 0.0068840000, 0.0041860000, 0.0041570000, 0.0042160000, 0.0041120000, 0.0040970000, 0.0040780000, 0.0041250000, 0.0040990000, 0.0041460000, 0.0040990000, 0.0040800000, 0.0041050000, 0.0040810000, 0.0041340000, 0.0041070000, 0.0041980000, 0.0044040000, 0.0041530000, 0.0041000000, 0.0042040000, 0.0040780000, 0.0044330000, 0.0041470000, 0.0041400000, 0.0040840000, 0.0041390000, 0.0041930000]


200
[0.0372430000, 0.0367940000, 0.0363010000, 0.0362630000, 0.0367280000, 0.0363440000, 0.0362140000, 0.0364720000, 0.0362900000, 0.0363570000, 0.0367800000, 0.0366540000, 0.0363800000, 0.0365380000, 0.0363030000, 0.0366410000, 0.0366690000, 0.0362860000, 0.0362210000, 0.0366200000, 0.0362700000, 0.0360710000, 0.0367120000, 0.0364230000, 0.0362510000, 0.0372220000, 0.0365810000, 0.0363460000, 0.0368930000, 0.0362320000]


300
[0.1378860000, 0.1370120000, 0.1368500000, 0.1375800000, 0.1370820000, 0.1373940000, 0.1380370000, 0.1372750000, 0.1375700000, 0.1371730000, 0.1375270000, 0.1372970000, 0.1376240000, 0.1375260000, 0.1386410000, 0.1372160000, 0.1378290000, 0.1378820000, 0.1373080000, 0.1380480000, 0.1375940000, 0.1376770000, 0.1382580000, 0.1372570000, 0.1374570000, 0.1373560000, 0.1374410000, 0.1372600000, 0.1374540000, 0.1378950000]


500
[0.6488260000, 0.6485690000, 0.6477400000, 0.6485750000, 0.6475400000, 0.6494870000, 0.6479240000, 0.6500470000, 0.6478010000, 0.6485530000, 0.6488890000, 0.6493870000, 0.6477440000, 0.6675810000, 0.6676160000, 0.6607140000, 0.6575520000, 0.6565860000, 0.6585110000, 0.6585430000, 0.6928010000, 0.6571230000, 0.6518920000, 0.6567850000, 0.6552890000, 0.6736330000, 0.6569440000, 0.6581480000, 0.6777070000, 0.6568190000]


700
[2.4004940000, 2.3805890000, 2.3864790000, 2.3783230000, 2.3652460000, 2.4456840000, 2.3591070000, 2.4184630000, 2.3630170000, 2.3569490000, 2.5411820000, 2.4733170000, 2.3821340000, 2.3837240000, 2.3326360000, 2.3351980000, 2.4095770000, 2.8355930000, 2.3297090000, 2.3553360000, 2.4561570000, 2.3708780000, 2.4109870000, 2.3523390000, 2.3735300000, 2.4146550000, 2.3860260000, 2.3973670000, 2.3301830000, 2.3757800000]


100
[0.0023810000, 0.0023730000, 0.0023100000, 0.0022070000, 0.0022020000, 0.0019810000, 0.0013830000, 0.0014200000, 0.0014030000, 0.0013930000, 0.0013730000, 0.0011390000, 0.0011410000, 0.0011410000, 0.0011410000, 0.0011720000, 0.0011400000, 0.0011370000, 0.0010910000, 0.0011000000, 0.0010870000, 0.0010870000, 0.0010920000, 0.0010920000, 0.0010820000, 0.0010480000, 0.0010510000, 0.0010440000, 0.0010490000, 0.0010460000]


200
[0.0092060000, 0.0089580000, 0.0074290000, 0.0068920000, 0.0067750000, 0.0067820000, 0.0066630000, 0.0067050000, 0.0066850000, 0.0066200000, 0.0066130000, 0.0065820000, 0.0066170000, 0.0065840000, 0.0065840000, 0.0066130000, 0.0066180000, 0.0065870000, 0.0069890000, 0.0067300000, 0.0068380000, 0.0066900000, 0.0067030000, 0.0066630000, 0.0066380000, 0.0066630000, 0.0065970000, 0.0065900000, 0.0066050000, 0.0066040000]


300
[0.0285580000, 0.0280460000, 0.0279030000, 0.0279320000, 0.0283090000, 0.0281360000, 0.0279060000, 0.0278360000, 0.0283070000, 0.0278730000, 0.0281620000, 0.0278880000, 0.0282420000, 0.0280080000, 0.0279040000, 0.0279190000, 0.0282990000, 0.0278870000, 0.0278960000, 0.0280670000, 0.0283880000, 0.0279350000, 0.0280380000, 0.0279470000, 0.0282870000, 0.0282950000, 0.0278850000, 0.0279260000, 0.0283810000, 0.0286710000]


500
[0.1289430000, 0.1280140000, 0.1275560000, 0.1274350000, 0.1276480000, 0.1276200000, 0.1277750000, 0.1284100000, 0.1280420000, 0.1279490000, 0.1275920000, 0.1276890000, 0.1286750000, 0.1283010000, 0.1288240000, 0.1287180000, 0.1276910000, 0.1278640000, 0.1275000000, 0.1273730000, 0.1274430000, 0.1273260000, 0.1277080000, 0.1282310000, 0.1277410000, 0.1272980000, 0.1272290000, 0.1273690000, 0.1276950000, 0.1273950000]


700
[0.5071150000, 0.4934720000, 0.5053630000, 0.5071940000, 0.5168180000, 0.5188140000, 0.5188970000, 0.5024340000, 0.5088620000, 0.5325380000, 0.5084920000, 0.5452890000, 0.5320320000, 0.5185830000, 0.5067990000, 0.5164280000, 0.5049870000, 0.5090310000, 0.5069190000, 0.5253220000, 0.5066580000, 0.5342150000, 0.5339430000, 0.5194660000, 0.5097250000, 0.5149500000, 0.5289640000, 0.5165850000, 0.5189060000, 0.5172890000]


100
[0.0009610000, 0.0009580000, 0.0010180000, 0.0009280000, 0.0009840000, 0.0009230000, 0.0009680000, 0.0010320000, 0.0010270000, 0.0009820000, 0.0009680000, 0.0010120000, 0.0009060000, 0.0009180000, 0.0009150000, 0.0009850000, 0.0009780000, 0.0010040000, 0.0010770000, 0.0010140000, 0.0009700000, 0.0009180000, 0.0010470000, 0.0010010000, 0.0010240000, 0.0009030000, 0.0009540000, 0.0009200000, 0.0009130000, 0.0009380000]


200
[0.0097930000, 0.0104120000, 0.0098150000, 0.0096210000, 0.0097160000, 0.0099840000, 0.0101250000, 0.0096380000, 0.0096580000, 0.0096630000, 0.0096470000, 0.0096380000, 0.0096560000, 0.0096060000, 0.0096950000, 0.0099600000, 0.0098140000, 0.0096740000, 0.0097060000, 0.0096730000, 0.0097520000, 0.0096620000, 0.0096770000, 0.0096850000, 0.0096710000, 0.0097920000, 0.0098030000, 0.0097870000, 0.0097070000, 0.0095910000]


300
[0.0440990000, 0.0439910000, 0.0435270000, 0.0434810000, 0.0439810000, 0.0438090000, 0.0435400000, 0.0437610000, 0.0435420000, 0.0436140000, 0.0440200000, 0.0435290000, 0.0434410000, 0.0438210000, 0.0433590000, 0.0438040000, 0.0439140000, 0.0445810000, 0.0435910000, 0.0443850000, 0.0436140000, 0.0435470000, 0.0439290000, 0.0434690000, 0.0433640000, 0.0438380000, 0.0436100000, 0.0434750000, 0.0439770000, 0.0435620000]


500
[0.3057210000, 0.3082290000, 0.3048790000, 0.3047750000, 0.3054000000, 0.3076930000, 0.3149090000, 0.3137840000, 0.3113040000, 0.3114400000, 0.3062240000, 0.3105860000, 0.3062700000, 0.3169040000, 0.3082580000, 0.3137720000, 0.3090040000, 0.3122700000, 0.3050340000, 0.3110680000, 0.3064670000, 0.3104680000, 0.3071770000, 0.3104120000, 0.3098570000, 0.3055770000, 0.3050760000, 0.3041100000, 0.3032440000, 0.3048630000]


700
[2.9922230000, 2.9955530000, 2.9854460000, 2.9176550000, 2.9272820000, 3.0059050000, 3.0139930000, 2.9836660000, 2.9673240000, 3.0013380000, 2.9331170000, 2.9390530000, 2.8989410000, 2.9450420000, 2.9465230000, 3.0010620000, 2.9844740000, 2.9693330000, 2.9093380000, 2.9717820000, 2.9246220000, 2.9731760000, 3.0041480000, 3.0110250000, 2.9922520000, 2.9145520000, 2.9934820000, 2.9250570000, 2.9632210000, 2.9235980000]


100
[0.0018350000, 0.0018290000, 0.0018450000, 0.0018320000, 0.0018380000, 0.0017150000, 0.0017120000, 0.0010400000, 0.0009600000, 0.0009940000, 0.0009520000, 0.0009850000, 0.0009350000, 0.0009740000, 0.0010370000, 0.0010410000, 0.0009030000, 0.0009510000, 0.0009950000, 0.0009300000, 0.0009730000, 0.0009280000, 0.0009980000, 0.0009190000, 0.0009420000, 0.0009780000, 0.0009270000, 0.0009030000, 0.0009640000, 0.0009180000]


200
[0.0101880000, 0.0098320000, 0.0096510000, 0.0096960000, 0.0100170000, 0.0097550000, 0.0096770000, 0.0096560000, 0.0099690000, 0.0096210000, 0.0096680000, 0.0096850000, 0.0097110000, 0.0096460000, 0.0099830000, 0.0097650000, 0.0096730000, 0.0097590000, 0.0096390000, 0.0096860000, 0.0097320000, 0.0096040000, 0.0096750000, 0.0096500000, 0.0099200000, 0.0097920000, 0.0096990000, 0.0096930000, 0.0096710000, 0.0096400000]


300
[0.0441140000, 0.0438420000, 0.0436210000, 0.0435480000, 0.0440090000, 0.0438880000, 0.0434680000, 0.0438860000, 0.0435410000, 0.0435170000, 0.0439280000, 0.0437040000, 0.0435250000, 0.0439970000, 0.0440670000, 0.0436310000, 0.0438310000, 0.0445610000, 0.0437840000, 0.0438780000, 0.0435760000, 0.0436800000, 0.0438950000, 0.0438770000, 0.0440870000, 0.0442220000, 0.0436830000, 0.0435330000, 0.0439850000, 0.0437060000]


500
[0.3142520000, 0.3161150000, 0.3104800000, 0.3044560000, 0.3039700000, 0.3041720000, 0.3036250000, 0.3037600000, 0.3036000000, 0.3044730000, 0.3035930000, 0.3038190000, 0.3038190000, 0.3058320000, 0.3037450000, 0.3037090000, 0.3064280000, 0.3052040000, 0.3036050000, 0.3036460000, 0.3033870000, 0.3058820000, 0.3035370000, 0.3036410000, 0.3035220000, 0.3055440000, 0.3048540000, 0.3046790000, 0.3036960000, 0.3048760000]


700
[2.8944530000, 3.0261350000, 2.9117160000, 3.0328790000, 2.8917840000, 2.8895120000, 2.8876040000, 2.8914440000, 2.8767930000, 2.8743420000, 2.9382550000, 2.9913240000, 2.8929640000, 2.9064400000, 2.9768840000, 2.9075680000, 2.9176610000, 2.9151900000, 2.3020060000, 2.9623400000, 3.0456560000, 2.9305240000, 2.8794890000, 2.8830570000, 2.8754280000, 2.8836170000, 2.8737470000, 2.8968040000, 2.9257490000, 2.9666340000]


