100
[0.0040770000, 0.0040790000, 0.0044630000, 0.0041640000, 0.0041250000, 0.0043020000, 0.0041240000, 0.0041300000, 0.0041080000, 0.0041200000, 0.0041370000, 0.0040840000, 0.0040770000, 0.0040870000, 0.0041180000, 0.0040380000, 0.0041080000, 0.0040480000, 0.0040860000, 0.0040420000, 0.0042160000, 0.0040790000, 0.0040830000, 0.0040960000, 0.0040870000, 0.0041100000, 0.0040930000, 0.0041290000, 0.0041260000, 0.0040410000]


200
[0.0329770000, 0.0322800000, 0.0321990000, 0.0321620000, 0.0325170000, 0.0322810000, 0.0321790000, 0.0322630000, 0.0321720000, 0.0321380000, 0.0321700000, 0.0321960000, 0.0322060000, 0.0323030000, 0.0324120000, 0.0321710000, 0.0322150000, 0.0322170000, 0.0321420000, 0.0320920000, 0.0322770000, 0.0321570000, 0.0322280000, 0.0322100000, 0.0321990000, 0.0321690000, 0.0329250000, 0.0322480000, 0.0321510000, 0.0331020000]


300
[0.1101340000, 0.1080990000, 0.1079880000, 0.1081030000, 0.1081320000, 0.1081240000, 0.1084790000, 0.1081450000, 0.1083600000, 0.1091520000, 0.1082050000, 0.1089480000, 0.1115970000, 0.1117320000, 0.1086950000, 0.1088820000, 0.1104150000, 0.1110620000, 0.1090010000, 0.1090510000, 0.1083470000, 0.1080960000, 0.1087240000, 0.1080940000, 0.1083390000, 0.1079700000, 0.1080190000, 0.1082250000, 0.1083900000, 0.1089220000]


500
[0.4968930000, 0.4966430000, 0.4972000000, 0.4961500000, 0.4974230000, 0.4965950000, 0.4961350000, 0.4972700000, 0.4963560000, 0.4964370000, 0.4973760000, 0.4968710000, 0.4971050000, 0.4980560000, 0.4965370000, 0.4973510000, 0.4981910000, 0.4962230000, 0.4963520000, 0.4973490000, 0.4965510000, 0.4955900000, 0.4973890000, 0.4961570000, 0.4961550000, 0.4974460000, 0.4964220000, 0.4968950000, 0.4983400000, 0.4966780000]


700
[1.3611650000, 1.3635440000, 1.3674680000, 1.3700040000, 1.3654300000, 1.3713160000, 1.3690990000, 1.3813500000, 1.3757660000, 1.3764400000, 1.3719640000, 1.3909070000, 1.3750130000, 1.3702000000, 1.3694070000, 1.3646660000, 1.3690900000, 1.3763250000, 1.3648460000, 1.3689530000, 1.3848080000, 1.3672610000, 1.3780920000, 1.3721220000, 1.3684290000, 1.3675320000, 1.3686160000, 1.3664790000, 1.3681050000, 1.3685380000]


100
[0.0173110000, 0.0116750000, 0.0104950000, 0.0098130000, 0.0092640000, 0.0088320000, 0.0086890000, 0.0063360000, 0.0047280000, 0.0046880000, 0.0044400000, 0.0044810000, 0.0044180000, 0.0043070000, 0.0042630000, 0.0042350000, 0.0041940000, 0.0041120000, 0.0040630000, 0.0042020000, 0.0041710000, 0.0041400000, 0.0041050000, 0.0041190000, 0.0041450000, 0.0041050000, 0.0041290000, 0.0040810000, 0.0042120000, 0.0041150000]


200
[0.0332320000, 0.0324760000, 0.0326330000, 0.0323760000, 0.0323530000, 0.0322260000, 0.0323860000, 0.0322810000, 0.0323830000, 0.0322730000, 0.0325610000, 0.0322970000, 0.0326870000, 0.0323970000, 0.0323370000, 0.0324480000, 0.0323370000, 0.0323720000, 0.0323080000, 0.0323630000, 0.0323490000, 0.0323470000, 0.0323160000, 0.0323370000, 0.0323990000, 0.0324530000, 0.0323450000, 0.0323150000, 0.0331150000, 0.0325540000]


300
[0.1089220000, 0.1085790000, 0.1083720000, 0.1083650000, 0.1081070000, 0.1087990000, 0.1081940000, 0.1092280000, 0.1092960000, 0.1080650000, 0.1085120000, 0.1084380000, 0.1083250000, 0.1082150000, 0.1081590000, 0.1081830000, 0.1085910000, 0.1087170000, 0.1090490000, 0.1083600000, 0.1082230000, 0.1081360000, 0.1084400000, 0.1081680000, 0.1081340000, 0.1081670000, 0.1084470000, 0.1088860000, 0.1089590000, 0.1080070000]


500
[0.4991220000, 0.4988800000, 0.4977700000, 0.4977990000, 0.4988880000, 0.4977650000, 0.4986390000, 0.4994920000, 0.4976110000, 0.4999410000, 0.4975330000, 0.4989660000, 0.4975240000, 0.4984140000, 0.4970980000, 0.4982290000, 0.4973000000, 0.4969510000, 0.4985810000, 0.4975570000, 0.4973140000, 0.4992100000, 0.4981490000, 0.4976360000, 0.4994890000, 0.4985430000, 0.4978570000, 0.4991340000, 0.4972800000, 0.4975000000]


700
[1.3651320000, 1.3672010000, 1.3702380000, 1.3652800000, 1.3643090000, 1.3651350000, 1.3804180000, 1.3921970000, 1.4067740000, 1.3837840000, 1.3835500000, 1.3765020000, 1.3830150000, 1.3828830000, 1.3895760000, 1.4015540000, 1.3712820000, 1.3688810000, 1.4209800000, 1.3815620000, 1.3760370000, 1.3737500000, 1.3776050000, 1.3719840000, 1.3783590000, 1.3799430000, 1.3963690000, 1.4285260000, 1.3831200000, 1.3742190000]


100
[0.0046100000, 0.0079460000, 0.0044340000, 0.0043400000, 0.0046250000, 0.0044690000, 0.0043320000, 0.0043630000, 0.0043740000, 0.0044080000, 0.0043440000, 0.0043870000, 0.0043320000, 0.0043300000, 0.0043710000, 0.0042850000, 0.0043260000, 0.0042940000, 0.0043300000, 0.0044220000, 0.0042870000, 0.0043600000, 0.0043420000, 0.0044050000, 0.0043480000, 0.0044680000, 0.0047510000, 0.0043780000, 0.0043360000, 0.0044400000]


200
[0.0394940000, 0.0389180000, 0.0389810000, 0.0388220000, 0.0390050000, 0.0386590000, 0.0386920000, 0.0387010000, 0.0387330000, 0.0387110000, 0.0388000000, 0.0390050000, 0.0386730000, 0.0386480000, 0.0387200000, 0.0386630000, 0.0387220000, 0.0387350000, 0.0386780000, 0.0388800000, 0.0386400000, 0.0389970000, 0.0391030000, 0.0388220000, 0.0397230000, 0.0391020000, 0.0391160000, 0.0386330000, 0.0386870000, 0.0387000000]


300
[0.1355320000, 0.1347700000, 0.1351090000, 0.1359150000, 0.1348650000, 0.1357460000, 0.1346750000, 0.1351790000, 0.1349570000, 0.1344040000, 0.1347250000, 0.1348710000, 0.1351550000, 0.1346320000, 0.1357140000, 0.1347710000, 0.1349430000, 0.1346450000, 0.1348320000, 0.1345670000, 0.1344890000, 0.1355330000, 0.1356110000, 0.1349200000, 0.1348690000, 0.1354090000, 0.1348510000, 0.1348350000, 0.1350120000, 0.1352400000]


500
[0.6699090000, 0.6691210000, 0.6666790000, 0.6701450000, 0.6670650000, 0.6685500000, 0.6668030000, 0.6689740000, 0.6666520000, 0.6689920000, 0.6779030000, 0.6669150000, 0.6660290000, 0.6675410000, 0.6665470000, 0.6686030000, 0.6664900000, 0.6681610000, 0.6661270000, 0.6682340000, 0.6683830000, 0.6707650000, 0.6681000000, 0.6695680000, 0.6660350000, 0.6678720000, 0.6654430000, 0.6685940000, 0.6696150000, 0.6695660000]


700
[3.0716920000, 3.0877240000, 3.0575460000, 3.0543790000, 3.0724380000, 3.1276930000, 3.1338880000, 3.2417770000, 3.3213420000, 3.1650400000, 3.3279820000, 3.1532730000, 3.1045640000, 3.0970020000, 3.0841410000, 3.1226540000, 3.1064940000, 3.1050800000, 3.1284360000, 3.0654830000, 3.2064850000, 3.2091780000, 3.1373310000, 3.2791400000, 3.1953660000, 3.1666630000, 3.2044550000, 3.1479930000, 3.3156670000, 3.2342550000]


100
[0.0044320000, 0.0045580000, 0.0041880000, 0.0042310000, 0.0042840000, 0.0042560000, 0.0044820000, 0.0043290000, 0.0042620000, 0.0042260000, 0.0043450000, 0.0041010000, 0.0045130000, 0.0044170000, 0.0042940000, 0.0042420000, 0.0042300000, 0.0043220000, 0.0043880000, 0.0043750000, 0.0043560000, 0.0042010000, 0.0045100000, 0.0042660000, 0.0043060000, 0.0043830000, 0.0043180000, 0.0043020000, 0.0041460000, 0.0041540000]


200
[0.0346530000, 0.0339520000, 0.0349370000, 0.0342090000, 0.0338640000, 0.0340380000, 0.0339850000, 0.0341690000, 0.0345110000, 0.0339110000, 0.0339760000, 0.0338770000, 0.0341340000, 0.0340480000, 0.0339030000, 0.0345860000, 0.0341450000, 0.0342010000, 0.0340220000, 0.0341520000, 0.0339840000, 0.0341030000, 0.0344770000, 0.0339710000, 0.0344650000, 0.0343800000, 0.0338580000, 0.0342600000, 0.0341690000, 0.0343400000]


300
[0.1242210000, 0.1237970000, 0.1234500000, 0.1235890000, 0.1243760000, 0.1244640000, 0.1255980000, 0.1267250000, 0.1256230000, 0.1243900000, 0.1243880000, 0.1245440000, 0.1239220000, 0.1244270000, 0.1265590000, 0.1249280000, 0.1247040000, 0.1241980000, 0.1263930000, 0.1251630000, 0.1257100000, 0.1266860000, 0.1253590000, 0.1254690000, 0.1272130000, 0.1268000000, 0.1254330000, 0.1291290000, 0.1245300000, 0.1245370000]


500
[0.7131120000, 0.6850780000, 0.6868040000, 0.6826360000, 0.6835170000, 0.6770760000, 0.7360880000, 0.6776110000, 0.6834200000, 0.6862500000, 0.6815100000, 0.6797860000, 0.6854220000, 0.6764860000, 0.6874170000, 0.6988510000, 0.7108550000, 0.6807880000, 0.6865710000, 0.6770650000, 0.6771530000, 0.6888090000, 0.6836310000, 0.6758390000, 0.6828020000, 0.6883730000, 0.7334850000, 0.6766860000, 0.6812100000, 0.6920510000]


700
[2.2375370000, 2.2447620000, 2.5610330000, 2.0268560000, 2.2619180000, 2.1509450000, 2.2234170000, 2.1044270000, 2.1413900000, 2.0833300000, 2.2104860000, 2.0903420000, 2.4238730000, 2.3563800000, 2.1865790000, 2.1423600000, 2.0945720000, 2.3646860000, 2.1765650000, 2.0821020000, 2.3007820000, 2.1364290000, 2.3788500000, 2.1148960000, 2.4734240000, 2.2054930000, 2.3058150000, 2.4132360000, 2.6963280000, 2.5574740000]


100
[0.0144030000, 0.0124650000, 0.0115940000, 0.0107040000, 0.0097780000, 0.0092080000, 0.0053720000, 0.0053710000, 0.0051810000, 0.0051720000, 0.0050090000, 0.0050020000, 0.0048780000, 0.0048480000, 0.0047640000, 0.0046860000, 0.0041600000, 0.0041170000, 0.0040330000, 0.0041710000, 0.0040440000, 0.0040940000, 0.0040340000, 0.0040730000, 0.0041300000, 0.0040910000, 0.0040540000, 0.0041080000, 0.0040540000, 0.0041730000]


200
[0.0358320000, 0.0350600000, 0.0349330000, 0.0350310000, 0.0350420000, 0.0350350000, 0.0350240000, 0.0352100000, 0.0349460000, 0.0351700000, 0.0351500000, 0.0354540000, 0.0351020000, 0.0349830000, 0.0352330000, 0.0349580000, 0.0350730000, 0.0350760000, 0.0351360000, 0.0349960000, 0.0350080000, 0.0350400000, 0.0352750000, 0.0354600000, 0.0353830000, 0.0357740000, 0.0357060000, 0.0356040000, 0.0353340000, 0.0350930000]


300
[0.1349260000, 0.1356140000, 0.1351590000, 0.1372200000, 0.1352250000, 0.1350470000, 0.1380560000, 0.1388470000, 0.1368530000, 0.1360140000, 0.1362160000, 0.1358110000, 0.1342700000, 0.1346010000, 0.1354850000, 0.1396570000, 0.1385350000, 0.1351410000, 0.1372120000, 0.1392790000, 0.1353160000, 0.1351860000, 0.1356860000, 0.1353290000, 0.1361400000, 0.1351350000, 0.1351110000, 0.1385490000, 0.1377030000, 0.1354990000]


500
[0.6472930000, 0.6444720000, 0.6417180000, 0.6457390000, 0.6435950000, 0.6414080000, 0.6373850000, 0.6405740000, 0.6387920000, 0.6427950000, 0.6411970000, 0.6411050000, 0.6369340000, 0.6576250000, 0.6400240000, 0.6410770000, 0.6424660000, 0.6426740000, 0.6393690000, 0.6394160000, 0.6401120000, 0.6414920000, 0.6395910000, 0.6577550000, 0.6413920000, 0.6406310000, 0.6534580000, 0.6440780000, 0.6386710000, 0.6402850000]


700
[2.3383020000, 2.4059490000, 2.3125620000, 2.3143970000, 2.3379890000, 2.3211470000, 2.3390650000, 2.3507170000, 2.3384510000, 2.3639650000, 2.3542780000, 2.3380220000, 2.3119020000, 2.4071950000, 2.4013300000, 2.3305250000, 2.3264560000, 2.4214720000, 2.3587840000, 2.4325320000, 2.3537290000, 2.5122540000, 2.3377310000, 2.3433720000, 2.3438220000, 2.4016550000, 2.3731270000, 2.3471000000, 2.3603630000, 2.3441220000]


100
[0.0149590000, 0.0110660000, 0.0103910000, 0.0096360000, 0.0090990000, 0.0086820000, 0.0083320000, 0.0056540000, 0.0044080000, 0.0044200000, 0.0044350000, 0.0044480000, 0.0044610000, 0.0044040000, 0.0044540000, 0.0044040000, 0.0043240000, 0.0043670000, 0.0044050000, 0.0043660000, 0.0043430000, 0.0043180000, 0.0043990000, 0.0043920000, 0.0043330000, 0.0043780000, 0.0046930000, 0.0043420000, 0.0043470000, 0.0043730000]


200
[0.0390410000, 0.0381860000, 0.0382410000, 0.0382500000, 0.0382810000, 0.0381930000, 0.0380630000, 0.0382440000, 0.0383380000, 0.0382950000, 0.0386240000, 0.0382660000, 0.0383950000, 0.0384430000, 0.0383370000, 0.0381880000, 0.0388320000, 0.0386120000, 0.0384230000, 0.0389330000, 0.0387730000, 0.0385710000, 0.0383010000, 0.0392310000, 0.0382510000, 0.0387120000, 0.0385610000, 0.0395670000, 0.0384880000, 0.0385820000]


300
[0.1380070000, 0.1392770000, 0.1378710000, 0.1402790000, 0.1370840000, 0.1395370000, 0.1374200000, 0.1351380000, 0.1349590000, 0.1356370000, 0.1354730000, 0.1355820000, 0.1353320000, 0.1375110000, 0.1344880000, 0.1348580000, 0.1346020000, 0.1351030000, 0.1354780000, 0.1366010000, 0.1348520000, 0.1390720000, 0.1345620000, 0.1380230000, 0.1343260000, 0.1347490000, 0.1353080000, 0.1365780000, 0.1348950000, 0.1368370000]


500
[0.6939950000, 0.6799370000, 0.6837030000, 0.6766230000, 0.6828750000, 0.6763310000, 0.6753290000, 0.7289970000, 0.6759700000, 0.6817560000, 0.6814970000, 0.6764280000, 0.6755340000, 0.6796010000, 0.6749170000, 0.6784510000, 0.6813450000, 0.6785660000, 0.6777820000, 0.6794490000, 0.6810210000, 0.6809820000, 0.6784450000, 0.6964450000, 0.6759580000, 0.6788210000, 0.6816570000, 0.6857040000, 0.6790260000, 0.6749030000]


700
[3.4181200000, 3.0992330000, 3.1294810000, 3.1728340000, 3.1540860000, 3.1263980000, 3.1989600000, 3.1763880000, 3.1320990000, 3.1928980000, 3.1650260000, 3.3352970000, 3.2149060000, 3.1461940000, 3.1413230000, 3.1552180000, 3.1878920000, 3.1884460000, 3.1654670000, 3.2210880000, 3.2185490000, 3.1053980000, 3.1796140000, 3.1776500000, 3.1536310000, 3.1981490000, 3.1307190000, 3.0791310000, 3.1641500000, 3.1759650000]


100
[0.0149440000, 0.0102350000, 0.0091830000, 0.0085450000, 0.0082640000, 0.0079530000, 0.0076660000, 0.0075100000, 0.0072630000, 0.0071170000, 0.0069150000, 0.0066310000, 0.0065450000, 0.0063280000, 0.0061730000, 0.0060630000, 0.0058770000, 0.0058370000, 0.0055890000, 0.0054480000, 0.0053830000, 0.0054060000, 0.0042750000, 0.0040750000, 0.0040890000, 0.0040490000, 0.0041340000, 0.0040400000, 0.0041860000, 0.0040720000]


200
[0.0328260000, 0.0322190000, 0.0321790000, 0.0323510000, 0.0321760000, 0.0322340000, 0.0321560000, 0.0321530000, 0.0322120000, 0.0321180000, 0.0321390000, 0.0326890000, 0.0323280000, 0.0321280000, 0.0321890000, 0.0321810000, 0.0322150000, 0.0321880000, 0.0326180000, 0.0323930000, 0.0323350000, 0.0324200000, 0.0322600000, 0.0324710000, 0.0324960000, 0.0324460000, 0.0325060000, 0.0332450000, 0.0324460000, 0.0326760000]


300
[0.1091360000, 0.1082240000, 0.1084310000, 0.1083690000, 0.1088210000, 0.1093540000, 0.1089040000, 0.1085810000, 0.1090560000, 0.1080330000, 0.1085160000, 0.1087880000, 0.1080700000, 0.1082800000, 0.1081430000, 0.1082730000, 0.1081950000, 0.1083380000, 0.1087780000, 0.1079540000, 0.1078350000, 0.1082830000, 0.1082090000, 0.1080910000, 0.1080710000, 0.1088940000, 0.1116310000, 0.1091160000, 0.1096640000, 0.1096880000]


500
[0.5023700000, 0.5002880000, 0.5079080000, 0.5013400000, 0.5033760000, 0.5032390000, 0.5088270000, 0.5084040000, 0.5096620000, 0.5021690000, 0.4996900000, 0.4970690000, 0.5148830000, 0.5342820000, 0.5007040000, 0.5013700000, 0.5057440000, 0.5003900000, 0.5028210000, 0.5009310000, 0.5019880000, 0.4978310000, 0.5030070000, 0.5080170000, 0.5077010000, 0.5025330000, 0.5051470000, 0.5000190000, 0.5009800000, 0.5061750000]


700
[1.4450470000, 1.3909920000, 1.3732860000, 1.3777250000, 1.3733560000, 1.3732640000, 1.3734790000, 1.3662230000, 1.3793020000, 1.3798310000, 1.3695600000, 1.3690410000, 1.3668930000, 1.3685820000, 1.3760100000, 1.3699810000, 1.3676790000, 1.3728020000, 1.3776530000, 1.3736720000, 1.3912380000, 1.3702270000, 1.3670900000, 1.3719640000, 1.3665410000, 1.3717450000, 1.3684610000, 1.3942320000, 1.3755790000, 1.3700620000]


