1
[73.514, 69.064, 57.345, 57.516, 52.226, 52.889, 128.321, 68.783, 66.79, 57.079, 59.012, 65.377, 113.276, 66.219, 67.032, 56.8, 54.936, 125.378, 115.764, 79.196, 55.133, 53.869, 64.001, 125.749, 72.574, 53.944, 57.43, 63.063, 57.595, 125.96]

2
[35.81, 30.558, 34.591, 51.783, 40.526, 61.15, 40.825, 30.061, 37.284, 36.33, 62.195, 60.187, 31.018, 39.843, 34.944, 35.75, 63.593, 31.497, 35.956, 39.804, 38.244, 36.029, 70.602, 40.938, 37.642, 36.815, 39.256, 54.87, 63.758, 31.903]

3
[28.621, 24.763, 80.389, 26.218, 39.186, 28.571, 24.849, 28.873, 47.458, 35.368, 27.172, 25.188, 47.141, 24.975, 25.116, 28.266, 43.887, 44.417, 21.197, 29.811, 25.52, 43.744, 27.225, 27.819, 24.333, 41.427, 44.181, 23.025, 25.502, 32.91]

4
[33.415, 44.679, 54.288, 28.095, 42.199, 40.608, 55.287, 28.116, 31.767, 35.446, 54.694, 30.662, 30.336, 34.349, 53.967, 57.354, 41.133, 36.201, 61.462, 50.794, 28.554, 33.477, 35.988, 54.677, 30.475, 31.635, 30.987, 40.865, 57.579, 27.631]

5
[28.146, 28.548, 48.753, 31.044, 30.217, 26.165, 50.643, 25.603, 30.249, 25.913, 46.783, 46.194, 47.691, 26.586, 29.329, 26.239, 49.331, 26.281, 29.068, 25.377, 49.912, 23.264, 26.711, 26.877, 49.325, 46.395, 25.426, 26.764, 26.894, 48.704]

6
[21.894, 24.101, 23.22, 39.775, 40.255, 25.637, 23.039, 23.792, 39.661, 43.22, 39.935, 22.867, 23.185, 25.936, 39.259, 27.565, 25.54, 23.594, 42.614, 22.909, 24.899, 22.715, 38.058, 39.118, 40.041, 23.57, 26.583, 27.15, 43.378, 40.865]

7
[17.76, 22.391, 24.987, 39.258, 21.505, 21.682, 25.254, 33.248, 36.709, 25.203, 21.454, 22.048, 34.91, 25.216, 25.323, 25.321, 43.237, 18.884, 22.32, 22.078, 35.606, 34.875, 34.539, 19.653, 21.737, 22.127, 36.925, 23.424, 22.453, 21.812]

8
[33.913, 37.548, 24.268, 25.304, 23.204, 29.404, 34.697, 18.471, 25.055, 21.718, 43.177, 32.699, 26.828, 24.337, 33.914, 35.18, 23.471, 22.558, 23.273, 30.23, 40.432, 26.319, 26.484, 23.464, 39.604, 34.836, 37.057, 23.873, 23.132, 23.27]

